Year Area
1850 6929725.27
1851 7083403.37
1852 7364059.84
1853 6954620.14
1854 5947625.4
1855 7265635.01
1856 7080237.16
1857 6611869.36
1858 6644061.81
1859 6931123.93
1860 6630515.17
1861 6897592.7
1862 6932017.98
1863 6725672.09
1864 7201767.11
1865 6794668.59
1866 6978267.43
1867 6965032.57
1868 7652859.66
1869 7224574.65
1870 6725788.4
1871 6937003.87
1872 7006752.61
1873 7068148.16
1874 6977240.17
1875 7085959.44
1876 6901042.31
1877 6892660.24
1878 6718419.02
1879 6995702.5
1880 6772394.25
1881 6694825.9
1882 7289302.99
1883 6638077.96
1884 6613432.22
1885 6715742.23
1886 7112088.73
1887 7116887.46
1888 7141007.2
1889 6949573.87
1890 6985453.67
1891 6955854.89
1892 6963854.29
1893 7124643.78
1894 6858746.31
1895 7009413.09
1896 6947007.12
1897 6786704.26
1898 7223565.05
1899 6690738.07
1900 6611133.49
1901 6879413.41
1902 6748176.87
1903 6960821.0
1904 6396018.93
1905 6850309.08
1906 6777249.18
1907 6991328.8
1908 7088854.2
1909 6671992.17
1910 7037842.72
1911 7304806.08
1912 7343861.56
1913 6493251.97
1914 7315195.68
1915 6508265.85
1916 7374084.26
1917 6844811.82
1918 6811515.07
1919 6771307.09
1920 6086163.82
1921 7204162.97
1922 7085387.55
1923 6909242.96
1924 6884793.59
1925 7204162.97
1926 7204162.97
1927 7204162.97
1928 7064227.61
1929 7024047.27
1930 6933562.38
1931 7204162.97
1932 6927241.53
1933 6594954.95
1934 6126153.4
1935 5779092.24
1936 7094928.74
1937 6063934.54
1938 6700801.21
1939 6920912.81
1940 6506910.82
1941 6306421.26
1942 6776488.49
1943 5997202.79
1944 6456767.36
1945 6435415.28
1946 6156674.75
1947 6807647.7
1948 6969148.01
1949 6507529.04
1950 6344683.45
1951 6284046.4
1952 5961473.18
1953 6503942.73
1954 6934497.37
1955 6749357.86
1956 7155325.73
1957 7171335.03
1958 6934212.89
1959 6303384.88
1960 6387246.58
1961 6248760.37
1962 7610025.65
1963 7849473.75
1964 7380580.66
1965 7461881.65
1966 7241557.16
1967 7466901.71
1968 6587046.38
1969 7571312.66
1970 7412162.97
1971 6543595.96
1972 6875720.9
1973 6962606.69
1974 6743124.57
1975 7042683.44
1976 6642349.57
1977 6475143.8
1978 7064243.1
1979 6552896.95
1980 7205060.13
1981 6724032.4
1982 6774380.58
1983 6944976.83
1984 6359169.83
1985 6403769.67
1986 6975806.05
1987 6866721.05
1988 7012268.63
1989 6565983.59
1990 5873657.59
1991 5848250.99
1992 6996108.4
1993 5826210.46
1994 6696037.06
1995 5753159.02
1996 7217036.85
1997 6329287.94
1998 5795481.71
1999 5456871.44
2000 5767044.74
2001 5960876.08
2002 5283450.63
2003 5608762.6
2004 5661449.59
2005 5131719.34
2006 5240300.98
2007 3723341.49
2008 4177891.83
2009 4840329.92
2010 4334516.54
2011 4192894.82
2012 2860459.3
2013 4645644.22
2014 4703232.78
2015 4196286.71
2016 3908368.6
2017 4368332.85
